0000008
0000017
0000030
0000043
0000085
0000089
0000095
0000104
0000134
0000140
0000143
0000148
0000186
0000253
0000265
0000266
0000333
0000422
0000437
0000453
0000458
0000474
0000496
0000530
0000539
0000546
0000572
0000578
0000587
0000620
0000629
0000649
0000690
0000721
0000763
0000766
0000772
0000773
0000780
0000792
0000818
0000836
0000849
0000875
0000880
0000896
0000914
0000919
0000936
0000944
0000963
0001018
0001021
0001025
0001028
0001039
0001045
0001065
0001076
0001091
0001119
0001134
0001136
0024944
0024972
0025002
0025005
0025009
0025011
0025012
0025014
0025040
0025079
0025090
0025123
0025131
0025135
0025137
0025165
0025188
0025208
0025213
0025229
0025244
0025255
0025286
0025321
0025323
0025343
0025350
0025386
0025397
0025456
0025457
0025476
0025534
0025544
0025547
0025555
0025597
0025629
0025638
0025655
0025739
0025745
0025750
0025815
0025821
0025840
0025866
0025925
0025950
0025961
0025978
0025980
0025996
0025998
0025999
0026062
0026079
0026099
0026132
0026142
0026148
0026154
0026178
0027783
0027821
0027837
0027852
0027856
0027857
0027922
0027927
0027976
0028009
0028045
0028062
0028177
0028190
0028199
0028202
0028212
0028254
0028256
0028292
0028294
0028314
0028334
0028367
0028408
0028507
0028572
0028578
0028588
0028612
0028616
0028631
0028636
0028654
0028674
0028691
0028698
0028739
0028760
0028789
0028850
0028860
0028896
0028898
0028902
0028926
0028959
0028967
0028979
0029054
0029055
0029068
0029080
0029101
0029108
0029112
0029120
0029125
0029134
0029143
0029147
0029148
0029149
0031447
0031460
0031467
0031473
0031479
0031491
0031507
0031511
0031533
0031556
0031591
0031598
0031603
0031620
0031640
0031646
0031650
0031653
0031674
0031693
0031705
0031711
0031742
0031765
0031767
0031778
0031800
0031803
0031828
0031851
0031870
0031929
0031943
0031947
0032009
0032057
0032060
0032123
0032127
0032191
0032198
0032228
0032237
0032258
0032271
0032276
0032283
0032300
0032316
0032322
0032331
0032354
0032360
0032414
0032416
0032423
0032430
0032436
0032446
0032457
0032484
0032485
0032494
0038812
0038820
0038833
0038836
0038892
0038910
0038930
0038954
0038964
0038986
0039017
0039029
0039035
0039045
0039066
0039070
0039133
0039142
0039146
0039161
0039172
0039200
0039201
0039205
0039231
0039238
0039251
0039265
0039271
0039281
0039366
0039405
0039439
0039464
0039500
0039525
0039538
0039589
0039619
0039634
0039668
0039700
0039701
0039715
0039731
0039740
0039816
0039894
0039912
0039927
0039933
0039937
0039957
0039978
0039987
0040015
0040035
0040049
0040058
0040085
0040113
0040121
0040131
0048726
0048731
0048744
0048748
0048759
0048773
0048786
0048801
0048802
0048821
0048846
0048848
0048867
0048879
0048887
0048917
0048932
0048933
0048942
0048944
0048951
0048960
0048985
0049023
0049034
0049052
0049108
0049132
0049138
0049165
0049205
0049248
0049249
0049251
0049322
0049329
0049338
0049340
0049364
0049400
0049401
0049408
0049412
0049413
0049418
0049447
0049478
0049510
0049514
0049524
0049526
0049545
0049561
0049563
0049576
0049621
0049643
0049652
0049681
0049721
0049722
0049739
0049748
0049808
0049837
0049893
0049914
0049976
0050013
0050018
0050077
0050080
0050082
0050085
0050093
0050114
0050119
0050145
0050162
0050164
0050165
0050179
0050181
0050192
0050225
0050236
0050251
0050264
0050275
0050284
0050306
0050316
0050326
0050375
0050444
0050450
0050465
0050470
0050471
0050477
0050497
0050500
0050543
0050550
0050609
0050618
0050629
0050647
0050700
0050707
0050716
0050738
0050764
0050805
0050811
0050817
0050846
0050894
0050895
0050901
0050914
0050922
0050957
0050970
0050986
0050988
0051009
0051012
0051030
0051047
0051056
0051061
0051074
0051078
0051093
0051149
0051153
0051163
0051165
0051187
0051234
0051235
0051262
0051269
0051297
0051314
0051332
0051368
0051381
0051391
0051429
0051466
0051490
0051549
0051575
0051589
0051602
0051620
0051622
0051668
0051695
0051700
0051727
0051738
0051758
0051793
0051828
0051850
0051859
0051864
0051868
0051905
0051915
0051919
0051959
0051974
0051993
0051994
0052001
0052007
0052010
0052042
0052114
0052122
0052123
0052152
0052173
0052175
0052285
0052295
0052298
0052359
0052362
0052381
0052382
0052424
0052439
0052444
0052468
0052496
0052523
0052528
0052535
0052572
0052597
0052608
0052650
0052664
0052672
0052697
0052744
0052747
0052760
0052769
0052770
0052783
0052808
0052852
0052924
0052929
0052930
0052937
0052954
0052957
0052976
0052979
0052998
0053001
0053011
0053012
0053100
0053117
0053134
0053153
0053205
0053221
0053244
0053269
0053318
0053338
0053376
0053383
0053391
0053470
0053477
0053483
0053502
0053512
0053524
0053534
0053551
0053586
0053599
0053626
0053653
0053690
0053716
0053741
0053790
0053794
0053803
0053811
0053812
0053875
0053877
0053906
0053922
0053952
0053976
0053980
0053987
0053988
0054001
0054028
0054044
0054047
0054081
0054083
0054084
0054101
0054106
0054107
0054116
0054159
0054198
0054213
0054237
0054295
0054299
0054300
0054304
0054310
0054326
0054338
0054357
0054361
0054362
0054371
0054381
0054393
0054412
0054413
0054456
0054462
0054469
0054482
0054485
0054500
0054525
0054530
0054560
0054561
0054578
0054587
0054599
0054606
0054607
0054608
0054655
0054666
0054667
0054670
0054696
0054703
0054708
0054714
0054721
0054722
0054726
0054730
0054757
0054766
0054806
0054830
0054867
0054918
0054926
0054927
0054934
0054946
0054965
0054994
0054997
0054999
0055003
0055009
0055018
0055037
0055058
0055065
0055069
0055083
0055092
0055106
0055119
0055128
0055153
0055173
0055175
0055219
0055222
0055252
0055254
0055271
0055277
0055301
0055302
0055304
0055312
0055314
0055368
0055383
0055416
0055437
0055438
0055439
0055461
0055471
0055480
0055505
0055507
0055522
0055542
0055561
0055647
0055724
0055733
0055763
0055791
0055810
0055823
0055835
0055850
0055858
0055876
0055909
0055958
0055975
0055981
0055982
0056016
0056020
0056038
0056074
0056084
0056092
0056093
0056100
0056121
0056153
0056174
0056211
0056244
0056248
0056249
0056266
0056276
0056289
0056306
0056308
0056310
0056316
0056323
0056325
0056329
0056332
0056333
0056349
0056360
0056365
0056385
0056409
0056410
0056418
0056427
0056435
0056445
0056450
0056469
0056475
0056480
0056501
0056511
0056517
0056519
0056555
0056575
0056584
0056601
0056618
0056631
0056645
0056647
0056666
0056678
0056681
0056697
0056702
0056705
0056708
0056711
0056720
0056721
0056739
0056740
0056751
0056774
0056775
0056790
0056799
0056805
0056819
0056835
0056845
0056855
0056869
0056871
0056877
0056907
0056912
0056915
0056918
0056924
0056957
0056985
0056998
0057004
0057016
0057019
0057029
0057030
0057100
0057107
0057114
0057117
0057119
0057143
0057148
0057150
0057154
0057160
0057206
0057207
0057209
0057214
0057226
0057230
0057245
0057252
0057276
0057324
0057348
0057364
0057369
0057384
0057396
0057402
0057408
0057410
0057428
0057448
0057458
0057460
0057465
0057467
0057468
0057480
0057493
0057499
0057500
0057505
0057513
0057515
0057524
0057527
0057538
0057539
0057547
0057555
0057571
0057573
0057580
0057584
0057586
0057587
0057603
0057622
0057628
0057655
0057671
0057693
0057697
0057699
0057703
0057704
0057706
0057707
0057710
0057715
0057719
0057726
0057751
0057754
0057757
0057786
0057804
0057815
0057840
0057858
0057861
0057866
0057905
0057910
0057913
0057919
0057931
0057946
0057947
0057949
0057958
0057963
0057970
0057973
0057982
0057984
0057988
0057998
0058000
0058006
0058010
0058017
0058018
0058027
0058062
0058064
0058066
0058069
0058079
0058097
0058104
0058107
0058115
0058153
0058163
0058196
0058200
0058236
0058241
0058266
0058270
0058272
0058303
0058305
0058311
0058314
0058327
0058328
0058338
0058342
0058348
0058353
0058354
0058373
0058374
0058390
0058396
0058418
0058433
0058464
0058476
0058480
0058492
0058501
0058506
0058517
0058540
0058557
0058595
0058596
0058597
0058598
0058613
0058625
0058627
0058636
0058643
0058647
0058651
0058659
0058664
0058699
0058702
0058729
0058734
0058736
0058739
0058740
0058749
0058765
0058766
0058770
0058795
0058796
0058800
0058811
0058823
0058829
0058838
0058846
0058847
0058852
0058853
0058866
0058870
0058872
0058893
0058899
0058904
0058912
0058919
0058922
0058929
0058939
0058952
0058955
0058982
0058993
0059013
0059025
0059028
0059042
0059047
0059068
0059087
0059088
0059092
0059103
0059105
0059129
0059130
0059133
0059144
0059155
0059178
0059182
0059216
0059219
0059245
0059268
0059281
0059287
0059294
0059298
0059309
0059350
0059358
0059359
0059360
0059387
0059393
0059401
0059405
0059408
0059411
0059416
0059419
0059422
0059436
0059448
0059457
0059489
0059496
0059502
0059513
0059523
0059543
0059558
0059560
0059573
0059588
0059600
0059623
0059629
0059636
0059647
0059652
0059654
0059656
0059666
0059682
0059687
0059688
0059693
0059734
0059754
0059768
0059778
0059784
0059799
0059801
0059807
0059811
0059819
0059831
0059843
0059859
0059921
0059953
0059971
0059973
0059983
0059988
0059998
0060003
0060007
0060025
0060040
0060047
0060069
0060081
0060094
0060095
0060101
0060114
0060130
0060134
0060144
0060161
0060174
0060181
0060194
0060195
0060208
0060210
0060211
0060223
0060252
0060260
0060265
0060272
0060290
0060305
0060310
0060319
0060322
0060330
0060343
0060347
0060348
0060364
0060373
0060379
0060380
0060386
0060388
0060397
0060431
0060432
0060453
0060458
0060463
0060482
0060505
0060507
0060512
0060513
0060515
0060523
0060532
0060534
0060540
0060548
0060550
0060557
0060561
0060582
0060587
0060589
0060598
0060600
0060613
0060639
0060650
0060651
0060652
0060655
0060656
0060668
0060682
0060700
0060720
0060728
0060754
0060757
0060760
0060769
0060770
0060775
0060790
0060797
0060799
0060801
0060819
0060838
0060850
0060868
0060898
0060902
0060906
0060908
0060909
0060938
0060944
0060960
0060961
0060965
0060969
0060971
0060974
0060990
0060991
0060997
0061008
0061012
0061013
0061015
0061058
0061059
0061063
0061069
0061076
0061084
0061089
0061094
0061098
0061108
0061111
0061123
0061131
0061149
0061150
0061163
0061167
0061172
0061175
0061187
0061190
0061191
0061198
0061203
0061215
0061229
0061239
0061248
0061250
0061252
0061266
0061271
0061279
0061284
0061293
0061296
0061300
0061304
0061307
0061317
0061321
0061338
0061349
0061359
0061362
0061364
0061384
0061390
0061393
0061401
0061413
0061418
0061434
0061436
0061438
0061454
0061458
0061469
0061474
0061484
0061488
0061501
0061517
0061566
0061578
0061580
0061584
0061607
0061616
0061633
0061634
0061641
0061642
0061645
0061648
0061663
0061669
0061674
0061715
0061721
0061722
0061736
0061759
0061782
0061790
0061811
0061818
0061823
0061825
0061826
0061827
0061831
0061851
0061858
0061873
0061876
0061892
0061899
0061906
0061910
0061912
0061916
0061928
0061937
0061980
0061983
0061999
0062004
0062016
0062024
0062030
0062037
0062038
0062040
0062046
0062053
0062060
0062090
0062111
0062114
0062134
0062169
0062195
0062226
0062233
0062243
0062269
0062278
0062289
0062292
0062295
0062303
0062312
0062317
0062339
0062343
0062355
0062358
0062359
0062366
0062379
0062380
0062390
0062393
0062408
0062414
0062434
0062438
0062456
0062483
0062489
0062490
0062499
0062506
0062517
0062532
0062541
0062543
0062552
0062578
0062592
0062613
0062618
0062670
0062671
0062677
0062679
0062683
0062700
0062703
0062704
0062710
0062712
0062730
0062742
0062750
0062775
0062790
0062828
0062836
0062852
0062865
0062888
0062894
0062913
0062922
0062928
0062934
0062937
0062940
0062946
0062952
0062956
0062962
0062965
0062973
0062985
0062986
0062987
0062990
0062991
0063003
0063004
0063017
0063029
0063059
0063060
0063072
0063081
0063091
0063096
0063108
0063125
0063130
0063133
0063135
0063147
0063152
0063153
0063163
0063167
0063171
0063174
0063185
0063188
0063198
0063232
0063236
0063242
0063250
0063269
0063288
0063307
0063309
0063325
0063358
0063400
0063411
0063412
0063413
0063421
0063432
0063435
0063443
0063460
0063467
0063468
0063504
0063506
0063507
0063512
0063513
0063518
0063541
0063555
0063564
0063593
0063619
0063631
0063638
0063641
0063676
0063692
0063719
0063725
0063739
0063744
0063745
0063748
0063760
0063766
0063775
0063788
0063802
0063805
0063822
0063825
0063841
0063851
0063855
0063893
0063919
0063925
0063946
0063953
0063999
0064000
0064025
0064030
0064033
0064049
0064065
0064073
0064075
0064088
0064107
0064109
0064123
0064128
0064141
0064142
0064159
0064168
0064175
0064183
0064208
0064209
0064220
0064222
0064231
0064241
0064259
0064262
0064263
0064265
0064278
0064283
0064317
0064319
0064326
0064327
0064372
0064375
0064376
0064393
0064400
0064402
0064413
0064414
0064417
0064428
0064437
0064459
0064460
0064462
0064469
0064476
0064484
0064495
0064508
0064510
0064518
0064525
0064538
0064539
0064547
0064551
0064566
0064569
0064572
0064575
0064577
0064581
0064611
0064612
0064622
0064631
0064642
0064643
0064647
0064656
0064661
0064669
0064674
0064685
0064689
0064695
0064711
0064715
0064726
0064743
0064750
0064757
0064759
0064770
0064793
0064796
0064811
0064814
0064827
0064858
0064862
0064883
0064897
0064904
0064908
0064920
0064953
0064957
0064963
0064984
0064986
0064996
0064997
0065002
0065018
0065034
0065038
0065039
0065057
0065069
0065070
0065072
0065081
0065090
0065097
0065099
0065102
0065113
0065155
0065156
0065172
0065183
0065191
0065195
0065218
0065236
0065244
0065246
0065261
0065277
0065280
0065286
0065305
0065308
0065320
0065327
0065331
0065334
0065335
0065344
0065365
0065390
0065400
0065409
0065420
0065438
0065445
0065473
0065478
0065491
0065496
0065499
0065509
0065519
0065521
0065526
0065527
0065529
0065530
0065545
0065547
0065552
0065557
0065558
0065570
0065578
0065588
0065590
0065598
0065606
0065641
0065652
0065674
0065677
0065688
0065734
0065747
0065753
0065761
0065764
0065769
0065772
0065781
0065789
0065796
0065815
0065832
0065842
0065845
0065864
0065870
0065874
0065878
0065890
0065917
0065926
0065953
0065959
0065975
0065979
0065986
0066019
0066036
0066039
0066044
0066050
0066056
0066061
0066063
0066070
0066073
0066076
0066088
0066102
0066123
0066130
0066151
0066153
0066161
0066168
0066174
0066176
0066185
0066192
0066236
0066238
0066242
0066247
0066251
0066253
0066256
0066271
0066273
0066290
0066306
0066308
0066309
0066323
0066331
0066336
0066361
0066385
0066391
0066396
0066403
0066410
0066459
0066461
0066470
0066474
0066487
0066492
0066493
0066509
0066510
0066511
0066515
0066529
0066551
0066556
0066558
0066561
0066573
0066575
0066583
0066592
0066593
0066607
0066625
0066632
0066645
0066646
0066675
0066695
0066727
0066729
0066735
0066738
0066743
0066752
0066755
0066756
0066758
0066767
0066788
0066790
0066804
0066822
0066823
0066828
0066843
0066849
0066854
0066855
0066866
0066869
0066872
0066883
0066889
0066893
0066894
0066902
0066903
0066905
0066912
0066913
0066921
0066928
0066941
0066960
0066971
0066985
0066996
0066997
0067004
0067011
0067014
0067017
0067022
0067032
0067040
0067052
0067067
0067070
0067079
0067113
0067115
0067124
0067135
0067159
0067165
0067181
0067193
0067234
0067239
0067250
0067267
0067269
0067270
0067274
0067281
0067283
0067290
0067296
0067307
0067309
0067342
0067345
0067350
0067372
0067408
0067434
0067447
0067448
0067501
0067508
0067512
0067529
0067543
0067557
0067569
0067614
0067624
0067637
0067658
0067680
0067703
0067707
0067738
0067740
0067772
0067774
0067787
0067791
0067796
0067812
0067821
0067829
0067838
0067851
0067853
0067873
0067881
0067882
0067883
0067890
0067904
0067910
0067911
0067921
0067925
0067928
0067934
0067943
0067945
0067948
0067960
0067971
0067977
0068014
0068023
0068029
0068033
0068034
0068038
0068066
0068069
0068076
0068078
0068094
0068107
0068108
0068119
0068123
0068128
0068155
0068168
0068172
0068193
0068196
0068199
0068200
0068210
0068219
0068228
0068236
0068239
0068249
0068267
0068283
0068297
0068332
0068333
0068334
0068338
0068352
0068368
0068373
0068379
0068386
0068388
0068391
0068405
0068425
0068426
0068486
0068488
0068497
0068499
0068514
0068523
0068546
0068547
0068563
0068567
0068571
0068585
0068587
0068591
0068604
0068605
0068606
0068616
0068619
0068621
0068627
0068635
0068647
0068660
0068674
0068683
0068694
0068704
0068705
0068708
0068714
0068742
0068767
0068774
0068776
0068797
0068800
0068803
0068811
0068828
0068841
0068848
0068849
0068858
0068861
0068872
0068889
0068902
0068906
0068920
0068924
0068939
0068953
0068961
0068971
0068977
0068978
0068983
0068986
0068990
0068993
0069002
0069003
0069021
0069028
0069034
0069049
0069073
0069095
0069097
0069103
0069107
0069113
0069115
0069172
0069176
0069180
0069208
0069229
0069242
0069254
0069270
0069276
0069278
0069291
0069303
0069309
0069315
0069327
0069340
0069351
0069356
0069368
0069391
0069404
0069405
0069411
0069432
0069435
0069446
0069452
0069463
0069479
0069493
0069497
0069541
0069550
0069553
0069568
0069587
0069593
0069605
0069633
0069657
0069659
0069689
0069693
0069699
0069703
0069704
0069708
0069709
0069712
0069717
0069757
0069766
0069775
0069777
0069779
0069800
0069822
0069826
0069861
0069862
0069863
0069876
0069884
0069902
0069903
0069923
0069932
0069946
0069960
0069971
0069974
0069975
0069977
0069980
0069982
0069986
0070019
0070026
0070027
0070028
0070029
0070045
0070056
0070064
0070071
0070072
0070073
0070087
0070094
0070114
0070122
0070133
0070140
0070153
0070170
0070173
0070177
0070200
0070201
0070202
0070212
0070223
0070232
0070241
0070257
0070262
0070288
0070291
0070296
0070305
0070334
0070336
0070345
0070346
0070352
0070358
0070363
0070381
0070386
0070404
0070411
0070414
0070421
0070428
0070435
0070453
0070464
0070488
0070494
0070502
0070503
0070508
0070517
0070527
0070539
0070559
0070561
0070569
0070572
0070579
0070582
0070590
0070600
0070605
0070610
0070616
0070645
0070652
0070657
0070658
0070662
0070674
0070696
0070699
0070703
0070719
0070741
0070745
0070748
0070749
0070754
0070776
0070778
0070781
0070786
0070792
0070799
0070806
0070807
0070809
0070815
0070854
0070861
0070876
0070877
0070879
0070884
0070895
0070898
0070911
0070916
0070919
0070926
0070940
0070942
0070944
0070955
0070990
0071002
0071004
0071007
0071020
0071049
0071058
0071071
0071073
0071074
0071084
0071090
0071093
0071096
0071100
0071102
0071123
0071130
0071141
0071143
0071158
0071159
0071181
0071186
0071193
0071194
0071195
0071197
0071203
0071205
0071235
0071237
0071245
0071257
0071269
0071272
0071273
0071286
0071287
0071330
0071334
0071348
0071356
0071381
0071390
0071411
0071415
0071422
0071431
0071432
0071433
0071436
0071452
0071468
0071471
0071480
0071483
0071492
0071496
0071534
0071535
0071537
0071546
0071548
0071550
0071554
0071556
0071578
0071580
0071590
0071610
0071644
0071662
0071663
0071668
0071676
0071694
0071695
0071696
0071698
0071706
0071724
0071725
0071726
0071730
0071731
0071732
0071735
0071737
0071745
0071754
0071758
0071783
0071790
0071806
0071808
0071817
0071827
0071828
0071829
0071832
0071836
0071857
0071862
0071863
0071864
0071880
0071888
0071896
0071909
0071912
0071917
0071928
0071931
0071937
0071957
0071973
0071996
0071998
0072001
0072010
0072023
0072025
0072031
0072045
0072047
0072049
0072066
0072070
0072078
0072085
0072087
0072091
0072100
0072118
0072128
0072131
0072143
0072144
0072166
0072169
0072201
0072202
0072205
0072212
0072227
0072239
0072245
0072247
0072254
0072263
0072265
0072272
0072278
0072346
0072368
0072378
0072384
0072413
0072425
0072426
0072432
0072436
0072445
0072453
0072476
0072482
0072483
0072511
0072525
0072547
0072554
0072558
0072568
0072591
0072607
0072624
0072632
0072653
0072685
0072691
0072695
0072698
0072706
0072708
0072714
0072735
0072737
0072749
0072755
0072760
0072762
0072763
0072772
0072780
0072798
0072804
0072811
0072824
0072826
0072834
0072835
0072846
0072847
0072848
0072859
0072867
0072882
0072884
0072886
0072889
0072952
0072953
0072955
0072971
0072989
0072993
0072999
0073030
0073052
0073056
0073059
0073076
0073084
0073117
0073121
0073122
0073145
0073149
0073157
0073166
0073169
0073172
0073179
0073187
0073218
0073221
0073230
0073240
0073255
0073280
0073292
0073294
0073297
0073302
0073315
0073329
0073342
0073346
0073348
0073351
0073354
0073381
0073383
0073399
0073422
0073459
0073464
0073466
0073469
0073470
0073471
0073490
0073492
0073493
0073494
0073495
0073498
0073517
0073527
0073557
0073559
0073562
0073567
0073570
0073573
0073575
0073585
0073590
0073593
0073600
0073618
0073646
0073649
0073654
0073655
0073666
0073677
0073684
0073692
0073694
0073695
0073720
0073721
0073727
0073765
0073786
0073792
0073794
0073797
0073826
0073830
0073862
0073867
0073869
0073881
0073883
0073884
0073887
0073898
0073903
0073907
0073908
0073929
0073934
0073947
0073957
0073965
0073994
0074002
0074004
0074006
0074013
0074025
0074030
0074031
0074032
0074033
0074034
0074053
0074066
0074080
0074100
0074103
0074131
0074135
0074139
0074155
0074161
0074169
0074170
0074171
0074186
0074197
0074202
0074205
0074217
0074224
0074240
0074254
0074258
0074262
0074263
0074269
0074277
0074282
0074287
0074292
0074308
0074313
0074315
0074317
0074321
0074324
0074345
0074351
0074355
0074357
0074363
0074370
0074382
0074384
0074385
0074388
0074403
0074409
0074412
0074418
0074461
0074474
0074476
0074481
0074490
0074498
0074506
0074509
0074518
0074525
0074570
0074601
0074608
0074609
0074610
0074611
0074623
0074625
0074631
0074633
0074655
0074659
0074660
0074668
0074702
0074705
0074713
0074718
0074730
0074732
0074761
0074769
0074770
0074791
0074796
0074804
0074818
0074826
0074829
0074831
0074832
0074834
0074837
0074850
0074865
0074887
0074900
0074904
0074908
0074941
0074999
0075009
0075013
0075024
0075027
0075031
0075034
0075041
0075042
0075062
0075063
0075071
0075098
0075103
0075109
0075140
0075143
0075180
0075185
0075190
0075193
0075195
0075196
0075197
0075201
0075220
0075238
0075241
0075261
0075270
0075296
0075306
0075338
0075340
0075343
0075364
0075405
0075413
0075414
0075417
0075418
0075421
0075438
0075441
0075453
0075456
0075464
0075482
0075483
0075484
0075493
0075565
0075568
0075612
0075616
0075620
0075622
0075632
0075634
0075647
0075648
0075674
0075678
0075688
0075701
0075702
0075734
0075743
0075752
0075753
0075763
0075767
0075787
0075793
0075820
0075844
0075845
0075868
0075876
0075877
0075880
0075905
0075912
0075915
0075918
0075927
0075939
0075940
0075948
0075974
0075980
0075991
0075992
0075993
0076005
0076020
0076028
0076031
0076040
0076042
0076045
0076046
0076049
0076055
0076060
0076068
0076088
0076092
0076099
0076117
0076125
0076138
0076145
0076151
0076175
0076180
0076199
0076218
0076220
0076251
0076262
0076277
0076296
0076309
0076323
0076325
0076333
0076383
0076391
0076414
0076418
0076420
0076422
0076435
0076440
0076446
0076452
0076454
0076457
0076461
0076474
0076478
0076493
0076495
0076505
0076512
0076522
0076528
0076531
0076554
0076561
0076580
0076583
0076594
0076595
0076601
0076604
0076609
0076621
0076624
0076629
0076638
0076648
0076661
0076677
0076690
0076696
0076701
0076704
0076719
0076746
0076751
0076754
0076757
0076762
0076766
0076767
0076769
0076771
0076788
0076793
0076814
0076825
0076838
0076841
0076849
0076851
0076854
0076855
0076872
0076886
0076914
0076934
0076941
0076942
0076946
0076948
0076957
0076963
0076964
0076966
0076983
0076984
0076991
0076994
0077001
0077011
0077017
0077040
0077052
0077059
0077065
0077071
0077109
0077110
0077130
0077132
0077146
0077151
0077161
0077164
0077179
0077193
0077198
0077200
0077206
0077220
0077223
0077224
0077233
0077234
0077247
0077250
0077253
0077261
0077271
0077283
0077289
0077297
0077299
0077305
0077311
0077327
0077347
0077354
0077356
0077357
0077367
0077371
0077373
0077377
0077381
0077417
0077444
0077466
0077471
0077472
0077479
0077493
0077501
0077530
0077535
0077543
0077551
0077570
0077578
0077580
0077600
0077601
0077628
0077630
0077645
0077676
0077692
0077696
0077704
0077719
0077751
0077755
0077757
0077768
0077775
0077795
0077796
0077803
0077822
0077831
0077832
0077859
0077865
0077878
0077883
0077915
0077921
0077922
0077939
0077940
0077957
0077982
0078004
0078014
0078026
0078050
0078057
0078059
0078070
0078073
0078080
0078087
0078090
0078093
0078097
0078104
0078138
0078166
0078167
0078186
0078198
0078222
0078224
0078239
0078255
0078263
0078268
0078270
0078272
0078275
0078276
0078279
0078289
0078291
0078298
0078302
0078315
0078321
0078322
0078342
0078353
0078377
0078388
0078426
0078441
0078455
0078478
0078483
0078489
0078493
0078498
0078503
0078514
0078531
0078533
0078539
0078555
0078556
0078566
0078579
0078581
0078602
0078609
0078611
0078615
0078655
0078661
0078663
0078665
0078670
0078678
0078690
0078733
0078736
0078748
0078749
0078776
0078788
0078790
0078800
0078820
0078823
0078828
0078834
0078841
0078846
0078847
0078870
0078875
0078881
0078884
0078886
0078897
0078915
0078931
0078932
0078946
0078947
0078956
0078957
0078980
0079004
0079009
0079016
0079024
0079033
0079036
0079041
0079045
0079049
0079066
0079070
0079075
0079080
0079082
0079085
0079097
0079107
0079108
0079138
0079143
0079150
0079169
0079180
0079183
0079193
0079200
0079208
0079209
0079210
0079213
0079235
0079236
0079242
0079256
0079262
0079273
0079287
0079305
0079315
0079319
0079335
0079338
0079353
0079367
0079368
0079394
0079408
0079425
0079430
0079443
0079448
0079450
0079463
0079464
0079473
0079480
0079493
0079496
0079499
0079505
0079515
0079517
0079525
0079527
0079529
0079530
0079539
0079549
0079554
0079556
0079558
0079571
0079581
0079591
0079605
0079606
0079630
0079637
0079653
0079666
0079681
0079696
0079701
0079717
0079719
0079750
0079758
0079772
0079776
0079787
0079789
0079791
0079798
0079803
0079814
0079817
0079818
0079819
0079825
0079846
0079862
0079869
0079871
0079879
0079904
0079912
0079913
0079917
0079925
0079935
0079945
0079971
0079980
0079985
0079989
0079997
0080006
0080027
0080029
0080043
0080051
0080070
0080071
0080075
0080102
0080104
0080106
0080117
0080118
0080142
0080177
0080201
0080204
0080218
0080243
0080255
0080268
0080270
0080274
0080276
0080277
0080292
0080303
0080318
0080322
0080326
0080333
0080336
0080351
0080364
0080370
0080403
0080409
0080410
0080411
0080425
0080435
0080446
0080449
0080464
0080474
0080476
0080482
0080487
0080495
0080518
0080538
0080539
0080541
0080546
0080548
0080554
0080563
0080566
0080593
0080602
0080607
0080612
0080618
0080625
0080628
0080633
0080650
0080656
0080661
0080665
0080681
0080701
0080740
0080743
0080779
0080794
0080819
0080829
0080847
0080852
0080868
0080879
0080891
0080904
0080916
0080918
0080933
0080935
0080940
0080944
0080946
0080948
0080950
0080959
0080977
0080983
0080987
0080988
0080992
0081001
0081013
0081059
0081083
0081088
0081089
0081105
0081106
0081110
0081132
0081142
0081168
0081176
0081184
0081208
0081212
0081213
0081222
0081243
0081244
0081245
0081260
0081262
0081263
0081278
0081296
0081307
0081309
0081321
0081322
0081327
0081328
0081356
0081361
0081367
0081376
0081381
0081387
0081402
0081409
0081421
0081441
0081459
0081463
0081487
0081492
0081496
0081513
0081518
0081526
0081531
0081534
0081537
0081560
0081574
0081576
0081595
0081596
0081617
0081635
0081644
0081660
0081663
0081664
0081681
0081689
0081694
0081696
0081701
0081716
0081723
0081728
0081731
0081743
0081750
0081756
0081757
0081759
0081769
0081773
0081782
0081792
0081815
0081830
0081836
0081855
0081881
0081900
0081901
0081903
0081909
0081910
0081918
0081925
0081936
0081937
0081940
0081957
0081976
0081983
0082000
0082012
0082026
0082053
0082064
0082071
0082079
0082085
0082092
0082103
0082115
0082131
0082150
0082159
0082163
0082192
0082198
0082201
0082214
0082219
0082232
0082234
0082246
0082247
0082265
0082280
0082288
0082293
0082316
0082319
0082325
0082345
0082354
0082357
0082379
0082382
0082389
0082398
0082440
0082449
0082466
0082474
0082475
0082486
0082512
0082532
0082534
0082540
0082570
0082574
0082593
0082596
0082606
0082628
0082648
0082650
0082660
0082661
0082668
0082669
0082670
0082688
0082692
0082693
0082697
0082704
0082706
0082729
0082732
0082741
0082767
0082769
0082771
0082775
0082778
0082794
0082801
0082804
0082809
0082812
0082816
0082821
0082847
0082848
0082849
0082895
0082903
0082909
0082914
0082920
0082929
0082932
0082934
0082939
0082940
0082942
0082948
0082952
0082953
0082957
0082963
0082972
0082990
0083010
0083030
0083042
0083043
0083066
0083069
0083070
0083071
0083087
0083101
0083103
0083112
0083117
0083126
0083128
0083132
0083141
0083152
0083183
0083209
0083235
0083250
0083251
0083268
0083270
0083274
0083281
0083293
0083304
0083310
0083311
0083336
0083340
0083344
0083351
0083366
0083370
0083378
0083392
0083398
0083403
0083413
0083417
0083418
0083429
0083449
0083458
0083463
0083478
0083514
0083517
0083533
0083535
0083537
0083538
0083541
0083545
0083550
0083564
0083571
0083576
0083584
0083601
0083620
0083626
0083631
0083648
0083652
0083655
0083666
0083671
0083679
0083697
0083706
0083712
0083717
0083722
0083726
0083730
0083739
0083741
0083762
0083782
0083791
0083801
0083811
0083819
0083821
0083843
0083857
0083883
0083925
0083941
0083948
0083957
0083960
0083970
0083977
0084028
0084033
0084047
0084050
0084061
0084129
0084133
0084142
0084147
0084153
0084155
0084166
0084175
0084182
0084196
0084210
0084221
0084256
0084272
0084277
0084291
0084301
0084307
0084319
0084325
0084328
0084337
0084345
0084381
0084384
0084418
0084420
0084422
0084424
0084430
0084431
0084440
0084474
0084481
0084496
0084499
0084557
0084566
0084576
0084587
0084601
0084615
0084622
0084635
0084644
0084648
0084656
0084687
0084689
0084714
0084717
0084750
0084764
0084767
0084770
0084773
0084781
0084792
0084806
0084818
0084819
0084825
0084834
0084837
0084848
0084858
0084861
0084927
0084935
0084958
0084965
0084984
0085001
0085034
0085036
0085047
0085048
0085075
0085119
0085123
0085135
0085136
0085156
0085159
0085175
0085176
0085192
0085205
0085219
0085230
0085234
0085276
0085280
0085286
0085304
0085311
0085312
0085315
0085330
0085341
0085345
0085370
0085379
0085380
0085385
0085391
0085396
0085406
0085425
0085433
0085437
0085439
0085443
0085452
0085460
0085486
0085497
0085505
0085515
0085524
0085535
0085559
0085565
0085566
0085577
0085588
0085605
0085610
0085632
0085635
0085644
0085648
0085659
0085673
0085703
0085724
0085732
0085741
0085752
0085777
0085781
0085800
0085803
0085822
0085828
0085850
0085872
0085874
0085880
0085904
0085912
0085915
0085916
0085935
0085938
0085950
0085951
0085962
0085970
0085975
0085985
0085992
0086001
0086020
0086021
0086024
0086026
0086033
0086042
0086043
0086064
0086069
0086078
0086080
0086082
0086102
0086124
0086125
0086128
0086132
0086135
0086139
0086144
0086147
0086151
0086161
0086163
0086175
0086204
0086205
0086224
0086238
0086239
0086251
0086252
0086256
0086260
0086265
0086267
0086285
0086287
0086299
0086321
0086322
0086327
0086333
0086336
0086356
0086359
0086366
0086367
0086370
0086380
0086394
0086397
0086398
0086407
0086416
0086443
0086472
0086475
0086478
0086480
0086486
0086503
0086507
0086510
0086516
0086526
0086529
0086555
0086558
0086563
0086573
0086585
0086599
0086611
0086621
0086624
0086626
0086640
0086645
0086650
0086653
0086684
0086685
0086701
0086715
0086720
0086737
0086758
0086775
0086784
0086793
0086796
0086811
0086816
0086869
0086901
0086910
0086961
0086976
0086985
0086994
0087017
0087024
0087039
0087040
0087065
0087066
0087075
0087090
0087098
0087100
0087113
0087118
0087133
0087135
0087139
0087146
0087149
0087152
0087156
0087160
0087166
0087173
0087177
0087182
0087184
0087188
0087190
0087196
0087197
0087201
0087205
0087206
0087209
0087215
0087220
0087223
0087228
0087233
0087263
0087272
0087273
0087298
0087302
0087307
0087311
0087314
0087317
0087329
0087347
0087354
0087364
0087369
0087370
0087380
0087382
0087390
0087391
0087395
0087419
0087445
0087448
0087460
0087461
0087504
0087514
0087515
0087519
0087545
0087549
0087567
0087573
0087584
0087593
0087605
0087611
0087613
0087621
0087625
0087629
0087630
0087631
0087663
0087664
0087723
0087730
0087740
0087755
0087773
0087776
0087806
0087810
0087811
0087821
0087868
0087870
0087871
0087873
0087874
0087877
0087884
0087889
0087890
0087892
0087899
0087900
0087905
0087915
0087918
0087932
0087939
0087949
0087965
0087973
0087981
0087996
0088006
0088016
0088023
0088026
0088028
0088032
0088033
0088043
0088048
0088060
0088066
0088072
0088080
0088096
0088112
0088128
0088156
0088180
0088203
0088208
0088209
0088219
0088227
0088264
0088268
0088308
0088310
0088316
0088317
0088333
0088334
0088337
0088340
0088342
0088348
0088351
0088352
0088377
0088382
0088386
0088390
0088402
0088424
0088428
0088431
0088433
0088435
0088436
0088453
0088460
0088462
0088486
0088487
0088492
0088507
0088516
0088521
0088524
0088551
0088555
0088561
0088565
0088591
0088594
0088605
0088607
0088608
0088622
0088648
0088660
0088667
0088682
0088697
0088706
0088715
0088719
0088731
0088732
0088735
0088736
0088739
0088743
0088753
0088760
0088767
0088785
0088812
0088839
0088842
0088849
0088858
0088864
0088875
0088878
0088889
0088893
0088897
0088901
0088903
0088914
0088923
0088928
0088948
0088958
0088971
0088978
0088982
0088987
0088994
0088999
0089008
0089010
0089024
0089032
0089033
0089043
0089044
0089061
0089066
0089072
0089099
0089102
0089107
0089111
0089132
0089151
0089152
0089155
0089169
0089192
0089200
0089202
0089209
0089211
0089215
0089258
0089264
0089267
0089278
0089279
0089280
0089289
0089291
0089297
0089302
0089306
0089309
0089328
0089334
0089343
0089378
0089393
0089405
0089413
0089430
0089437
0089442
0089445
0089447
0089451
0089467
0089492
0089495
0089497
0089503
0089515
0089516
0089517
0089521
0089526
0089534
0089550
0089555
0089563
0089577
0089578
0089600
0089609
0089633
0089638
0089646
0089649
0089664
0089675
0089681
0089684
0089693
0089699
0089702
0089709
0089711
0089722
0089733
0089736
0089744
0089747
0089749
0089753
0089764
0089772
0089775
0089786
0089798
0089813
0089824
0089826
0089830
0089837
0089840
0089841
0089845
0089895
0089908
0089914
0089920
0089941
0089964
0089968
0089983
0089985
0090006
0090010
0090013
0090019
0090032
0090035
0090041
0090055
0090058
0090076
0090080
0090089
0090101
0090111
0090127
0090129
0090147
0090149
0090187
0090191
0090196
0090201
0090207
0090214
0090224
0090250
0090251
0090258
0090261
0090267
0090276
0090282
0090283
0090286
0090294
0090297
0090304
0090309
0090317
0090319
0090334
0090337
0090363
0090368
0090371
0090379
0090380
0090383
0090390
0090395
0090398
0090400
0090422
0090423
0090451
0090463
0090464
0090467
0090474
0090497
0090503
0090532
0090533
0090534
0090560
0090574
0090579
0090597
0090606
0090607
0090609
0090613
0090614
0090642
0090660
0090664
0090665
0090680
0090684
0090700
0090716
0090719
0090733
0090758
0090768
0090772
0090777
0090797
0090798
0090809
0090815
0090818
0090836
0090844
0090847
0090851
0090858
0090872
0090880
0090905
0090914
0090927
0090947
0090950
0090971
0090980
0090985
0090992
0090996
0091003
0091004
0091016
0091018
0091022
0091023
0091054
0091063
0091067
0091071
0091089
0091096
0091104
0091140
0091166
0091198
0091206
0091229
0091240
0091250
0091252
0091283
0091306
0091308
0091313
0091333
0091334
0091345
0091347
0091384
0091385
0091394
0091403
0091418
0091421
0091450
0091461
0091489
0091505
0091511
0091523
0091524
0091530
0091543
0091544
0091555
0091573
0091575
0091589
0091590
0091591
0091599
0091601
0091604
0091614
0091629
0091660
0091661
0091672
0091677
0091692
0091698
0091699
0091700
0091746
0091755
0091769
0091775
0091787
0091796
0091815
0091820
0091843
0091845
0091863
0091880
0091885
0091907
0091918
0091921
0091924
0091925
0091933
0091947
0091957
0091965
0091971
0091974
0091977
0091988
0092004
0092022
0092026
0092029
0092032
0092035
0092048
0092056
0092079
0092090
0092095
0092097
0092101
0092110
0092117
0092121
0092172
0092175
0092183
0092190
0092191
0092202
0092221
0092250
0092256
0092284
0092289
0092293
0092296
0092299
0092323
0092324
0092334
0092343
0092349
0092350
0092352
0092354
0092365
0092383
0092385
0092394
0092402
0092410
0092414
0092416
0092417
0092422
0092423
0092424
0092426
0092437
0092461
0092477
0092503
0092504
0092522
0092527
0092545
0092568
0092581
0092583
0092591
0092593
0092600
0092605
0092624
0092639
0092646
0092648
0092659
0092680
0092681
0092682
0092693
0092695
0092704
0092707
0092720
0092736
0092737
0092744
0092748
0092749
0092754
0092756
0092757
0092770
0092783
0092784
0092799
0092824
0092829
0092831
0092843
0092845
0092856
0092861
0092874
0092877
0092894
0092908
0092937
0092969
0092971
0092982
0092985
0092988
0092989
0092990
0092995
0093000
0093001
0093015
0093054
0093070
0093071
0093075
0093076
0093094
0093111
0093136
0093145
0093149
0093186
0093207
0093212
0093215
0093219
0093225
0093230
0093231
0093237
0093239
0093248
0093253
0093276
0093284
0093289
0093314
0093322
0093328
0093329
0093333
0093350
0093357
0093373
0093383
0093386
0093389
0093394
0093409
0093414
0093420
0093423
0093424
0093434
0093436
0093437
0093443
0093451
0093454
0093490
0093500
0093509
0093512
0093526
0093536
0093566
0093587
0093598
0093606
0093629
0093634
0093649
0093670
0093671
0093674
0093697
0093698
0093701
0093704
0093707
0093713
0093721
0093728
0093730
0093739
0093766
0093770
0093803
0093810
0093812
0093815
0093834
0093835
0093849
0093850
0093851
0093883
0093885
0093893
0093916
0093939
0093952
0093955
0093964
0094000
0094019
0094038
0094057
0094073
0094079
0094085
0094093
0094115
0094133
0094147
0094149
0094156
0094157
0094168
0094181
0094191
0094192
0094197
0094200
0094203
0094206
0094210
0094212
0094218
0094228
0094270
0094273
0094304
0094327
0094340
0094344
0094349
0094357
0094360
0094367
0094391
0094393
0094404
0094419
0094421
0094436
0094446
0094456
0094458
0094464
0094492
0094506
0094512
0094540
0094544
0094558
0094562
0094563
0094567
0094591
0094599
0094618
0094633
0094646
0094661
0094670
0094674
0094678
0094680
0094699
0094721
0094753
0094771
0094778
0094795
0094808
0094811
0094826
0094830
0094871
0094875
0094915
0094917
0094937
0094950
0094951
0094952
0094954
0094976
0094986
0094990
0094998
0095004
0095005
0095016
0095017
0095020
0095038
0095064
0095069
0095074
0095087
0095089
0095095
0095101
0095105
0095112
0095120
0095128
0095132
0095163
0095165
0095179
0095203
0095210
0095215
0095217
0095233
0095234
0095247
0095248
0095253
0095256
0095269
0095273
0095294
0095310
0095334
0095335
0095341
0095344
0095362
0095369
0095382
0095400
0095422
0095425
0095436
0095443
0095486
0095547
0095548
0095577
0095585
0095591
0095598
0095601
0095611
0095624
0095631
0095637
0095657
0095662
0095681
0095687
0095694
0095696
0095698
0095710
0095718
0095729
0095733
0095734
0095736
0095741
0095742
0095783
0095817
0095832
0095848
0095865
0095884
0095906
0095907
0095911
0095918
0095924
0095934
0095940
0095947
0095956
0095958
0095961
0095978
0096014
0096017
0096025
0096026
0096033
0096042
0096046
0096050
0096061
0096066
0096082
0096086
0096091
0096096
0096098
0096102
0096106
0096113
0096122
0096129
0096132
0096145
0096147
0096151
0096167
0096176
0096187
0096197
0096208
0096227
0096252
0096257
0096269
0096278
0096282
0096286
0096287
0096298
0096303
0096306
0096313
0096319
0096324
0096325
0096328
0096331
0096333
0096334
0096340
0096363
0096364
0096365
0096367
0096373
0096417
0096418
0096421
0096434
0096443
0096448
0096449
0096469
0096515
0096516
0096518
0096540
0096566
0096584
0096597
0096621
0096630
0096636
0096641
0096661
0096662
0096667
0096668
0096669
0096675
0096676
0096682
0096691
0096697
0096704
0096710
0096716
0096718
0096735
0096745
0096749
0096752
0096757
0096762
0096767
0096770
0096775
0096779
0096789
0096794
0096808
0096810
0096829
0096836
0096847
0096855
0096858
0096870
0096873
0096893
0096897
0096906
0096916
0096924
0096942
0096953
0096977
0096983
0096996
0096999
0097002
0097003
0097004
0097007
0097013
0097053
0097054
0097059
0097064
0097078
0097082
0097087
0097091
0097094
0097099
0097108
0097113
0097121
0097124
0097126
0097143
0097153
0097155
0097205
0097218
0097219
0097224
0097228
0097235
0097273
0097280
0097289
0097297
0097302
0097309
0097315
0097363
0097368
0097370
0097390
0097417
0097428
0097433
0097435
0097488
0097490
0097493
0097499
0097501
0097508
0097533
0097560
0097567
0097577
0097579
0097596
0097598
0097611
0097618
0097621
0097628
0097645
0097647
0097672
0097690
0097696
0097707
0097710
0097717
0097718
0097720
0097724
0097727
0097736
0097737
0097772
0097784
0097785
0097803
0097805
0097825
0097845
0097849
0097853
0097860
0097861
0097883
0097906
0097909
0097911
0097923
0097928
0097939
0097942
0097959
0097988
0097998
0098009
0098013
0098021
0098027
0098053
0098057
0098078
0098118
0098128
0098142
0098146
0098163
0098164
0098179
0098183
0098190
0098193
0098195
0098203
0098220
0098228
0098230
0098273
0098274
0098275
0098280
0098284
0098287
0098296
0098310
0098312
0098321
0098345
0098351
0098366
0098370
0098402
0098407
0098408
0098415
0098417
0098422
0098423
0098424
0098429
0098465
0098482
0098534
0098550
0098556
0098561
0098576
0098602
0098603
0098609
0098612
0098625
0098628
0098636
0098649
0098655
0098657
0098659
0098680
0098683
0098691
0098697
0098704
0098713
0098726
0098735
0098746
0098751
0098767
0098780
0098802
0098812
0098819
0098822
0098840
0098849
0098859
0098862
0098863
0098866
0098870
0098875
0098886
0098914
0098941
0098947
0098955
0098972
0098974
0098977
0098985
0098988
0098993
0098996
0098997
0098998
0099000
0099001
0099016
0099022
0099026
0099027
0099028
0099031
0099060
0099063
0099071
0099093
0099096
0099115
0099119
0099121
0099127
0099130
0099171
0099175
0099181
0099190
0099201
0099216
0099223
0099262
0099287
0099292
0099297
0099306
0099308
0099311
0099314
0099320
0099326
0099339
0099347
0099348
0099355
0099357
0099367
0099377
0099415
0099428
0099430
0099471
0099507
0099512
0099526
0099545
0099555
0099567
0099568
0099569
0099584
0099599
0099603
0099604
0099615
0099641
0099644
0099646
0099647
0099652
0099659
0099661
0099674
0099675
0099683
0099690
0099707
0099724
0099725
0099736
0099743
0099759
0099768
0099778
0099789
0099814
0099818
0099821
0099828
0099843
0099844
0099851
0099857
0099872
0099885
0099888
0099892
0099908
0099911
0099916
0099926
0099928
0099940
0099941
0099959
0099964
0099975
0099976
0099980
0099991
0099994
0100008
0100023
0100050
0100078
0100106
0100135
0100136
0100142
0100147
0100149
0100154
0100156
0100159
0100178
0100189
0100196
0100198
0100199
0100204
0100210
0100220
0100221
0100238
0100246
0100267
0100275
0100285
0100295
0100312
0100325
0100344
0100371
0100376
0100377
0100393
0100413
0100416
0100426
0100431
0100440
0100452
0100473
0100475
0100506
0100508
0100550
0100557
0100570
0100571
0100572
0100577
0100588
0100612
0100615
0100629
0100630
0100637
0100639
0100649
0100652
0100657
0100670
0100676
0100682
0100691
0100709
0100711
0100714
0100720
0100723
0100757
0100764
0100784
0100789
0100799
0100805
0100815
0100825
0100826
0100831
0100841
0100849
0100853
0100854
0100871
0100872
0100879
0100896
0100902
0100919
0100923
0100939
0100940
0100946
0100947
0100948
0100950
0100951
0100994
0100997
0101002
0101012
0101017
0101053
0101055
0101066
0101075
0101088
0101089
0101091
0101103
0101128
0101129
0101137
0101142
0101170
0101171
0101223
0101293
0101301
0101304
0101310
0101324
0101336
0101351
0101371
0101375
0101379
0101385
0101390
0101419
0101421
0101449
0101456
0101458
0101470
0101473
0101478
0101487
0101499
0101504
0101520
0101524
0101537
0101556
0101560
0101562
0101583
0101584
0101591
0101620
0101627
0101635
0101636
0101637
0101648
0101656
0101657
0101658
0101659
0101666
0101669
0101695
0101714
0101725
0101726
0101736
0101744
0101745
0101753
0101756
0101763
0101764
0101769
0101770
0101791
0101797
0101831
0101839
0101861
0101863
0101876
0101881
0101894
0101896
0101898
0101899
0101905
0101920
0101956
0101968
0101990
0101993
0102020
0102029
0102031
0102064
0102065
0102087
0102089
0102093
0102094
0102097
0102104
0102122
0102129
0102133
0102135
0102139
0102148
0102155
0102160
0102164
0102176
0102178
0102180
0102185
0102187
0102213
0102214
0102217
0102230
0102260
0102278
0102279
0102281
0102294
0102303
0102305
0102316
0102321
0102329
0102347
0102349
0102355
0102363
0102364
0102389
0102395
0102413
0102419
0102434
0102459
0102460
0102471
0102478
0102479
0102485
0102517
0102520
0102525
0102527
0102536
0102543
0102548
0102571
0102576
0102582
0102583
0102589
0102593
0102655
0102657
0102673
0102693
0102700
0102705
0102706
0102710
0102714
0102726
0102735
0102744
0102759
0102763
0102781
0102793
0102794
0102803
0102808
0102838
0102854
0102859
0102866
0102882
0102883
0102898
0102932
0102943
0102951
0102954
0102966
0102976
0102979
0102988
0103000
0103024
0103029
0103038
0103044
0103082
0103087
0103098
0103109
0103111
0103130
0103135
0103144
0103154
0103167
0103188
0103207
0103212
0103215
0103217
0103224
0103225
0103267
0103280
0103300
0103303
0103305
0103310
0103313
0103320
0103325
0103341
0103343
0103363
0103366
0103372
0103373
0103387
0103397
0103398
0103443
0103454
0103458
0103469
0103501
0103508
0103514
0103538
0103545
0103560
0103580
0103583
0103593
0103609
0103633
0103640
0103655
0103656
0103672
0103705
0103716
0103719
0103722
0103727
0103741
0103748
0103760
0103779
0103791
0103802
0103812
0103819
0103820
0103829
0103832
0103837
0103840
0103843
0103846
0103877
0103886
0103888
0103891
0103894
0103903
0103911
0103939
0103941
0103959
0103963
0103975
0103993
0104015
0104054
0104055
0104070
0104103
0104110
0104117
0104133
0104134
0104151
0104155
0104156
0104158
0104169
0104175
0104177
0104178
0104183
0104207
0104228
0104230
0104232
0104284
0104302
0104306
0104307
0104309
0104314
0104328
0104334
0104355
0104356
0104366
0104370
0104371
0104384
0104410
0104423
0104432
0104438
0104454
0104463
0104469
0104470
0104502
0104507
0104525
0104526
0104574
0104594
0104605
0104606
0104618
0104628
0104636
0104653
0104692
0104699
0104719
0104723
0104737
0104739
0104741
0104748
0104754
0104755
0104775
0104780
0104785
0104787
0104789
0104790
0104801
0104825
0104830
0104842
0104858
0104863
0104879
0104912
0104923
0104924
0104949
0104959
0104976
0104982
0104984
0104986
0104997
0104999
0105043
0105055
0105086
0105092
0105099
0105100
0105136
0105137
0105138
0105141
0105172
0105180
0105191
0105194
0105203
0105213
0105227
0105259
0105261
0105263
0105264
0105266
0105271
0105273
0105311
0105313
0105325
0105352
0105370
0105372
0105422
0105426
0105439
0105443
0105444
0105446
0105450
0105462
0105466
0105468
0105470
0105472
0105485
0105489
0105512
0105519
0105522
0105529
0105537
0105586
0105604
0105611
0105621
0105625
0105639
0105660
0105680
0105698
0105701
0105707
0105713
0105725
0105733
0105738
0105740
0105743
0105748
0105774
0105790
0105835
0105856
0105869
0105879
0105885
0105886
0105895
0105902
0105915
0105928
0105929
0105942
0105964
0105973
0105989
0105992
0105996
0106006
0106008
0106025
0106048
0106050
0106063
0106068
0106069
0106078
0106081
0106092
0106104
0106123
0106148
0106166
0106177
0106187
0106192
0106201
0106220
0106222
0106227
0106229
0106233
0106236
0106241
0106242
0106251
0106256
0106271
0106276
0106286
0106294
0106318
0106332
0106335
0106350
0106378
0106388
0106399
0106401
0106406
0106413
0106416
0106418
0106431
0106442
0106453
0106458
0106498
0106504
0106513
0106515
0106562
0106570
0106596
0106601
0106605
0106606
0106612
0106615
0106650
0106656
0106666
0106671
0106681
0106683
0106696
0106704
0106709
0106710
0106711
0106718
0106721
0106724
0106744
0106747
0106754
0106757
0106764
0106768
0106772
0106796
0106801
0106829
0106831
0106840
0106847
0106857
0106859
0106867
0106881
0106900
0106909
0106923
0106932
0106946
0106955
0106963
0106971
0106988
0106989
0106996
0107030
0107039
0107040
0107049
0107051
0107078
0107081
0107090
0107123
0107130
0107134
0107172
0107178
0107185
0107237
0107256
0107265
0107272
0107278
0107292
0107294
0107297
0107298
0107311
0107342
0107345
0107346
0107381
0107388
0107406
0107411
0107413
0107420
0107421
0107423
0107426
0107433
0107437
0107439
0107447
0107466
0107479
0107485
0107519
0107526
0107530
0107534
0107540
0107543
0107549
0107555
0107559
0107581
0107588
0107610
0107613
0107619
0107621
0107633
0107638
0107670
0107672
0107677
0107683
0107686
0107689
0107698
0107706
0107709
0107713
0107714
0107728
0107733
0107745
0107758
0107789
0107794
0107800
0107803
0107824
0107833
0107834
0107849
0107853
0107887
0107902
0107906
0107909
0107943
0107947
0107962
0107981
0108000
0108023
0108025
0108041
0108047
0108092
0108108
0108174
0108177
0108180
0108200
0108209
0108241
0108251
0108264
0108267
0108276
0108279
0108293
0108306
0108317
0108320
0108327
0108331
0108338
0108340
0108374
0108392
0108395
0108422
0108425
0108427
0108443
0108473
0108475
0108482
0108492
0108493
0108494
0108498
0108505
0108508
0108513
0108516
0108527
0108532
0108542
0108560
0108564
0108569
0108573
0108580
0108595
0108603
0108608
0108614
0108630
0108638
0108643
0108655
0108658
0108664
0108676
0108677
0108685
0108698
0108719
0108721
0108754
0108764
0108770
0108772
0108777
0108780
0108781
0108789
0108792
0108800
0108809
0108812
0108821
0108826
0108838
0108840
0108858
0108861
0108863
0108865
0108870
0108871
0108882
0108884
0108890
0108892
0108909
0108913
0108923
0108933
0108977
0108978
0108982
0108987
0109001
0109004
0109025
0109030
0109034
0109070
0109077
0109086
0109088
0109099
0109101
0109102
0109119
0109120
0109124
0109133
0109137
0109164
0109168
0109170
0109194
0109197
0109200
0109213
0109227
0109246
0109255
0109282
0109304
0109308
0109309
0109319
0109323
0109341
0109344
0109345
0109351
0109367
0109374
0109381
0109386
0109387
0109397
0109399
0109401
0109404
0109421
0109428
0109459
0109482
0109484
0109489
0109492
0109495
0109502
0109506
0109514
0109520
0109521
0109525
0109533
0109539
0109547
0109557
0109558
0109559
0109593
0109611
0109627
0109648
0109653
0109665
0109668
0109670
0109673
0109677
0109690
0109691
0109711
0109722
0109729
0109764
0109765
0109768
0109772
0109786
0109788
0109793
0109822
0109833
0109838
0109852
0109867
0109872
0109898
0109926
0109928
0109937
0109953
0109978
0110020
0110025
0110048
0110053
0110075
0110077
0110078
0110086
0110110
0110115
0110127
0110142
0110143
0110147
0110155
0110158
0110165
0110181
0110201
0110231
0110234
0110243
0110248
0110254
0110285
0110287
0110291
0110296
0110303
0110307
0110312
0110323
0110331
0110336
0110374
0110395
0110397
0110398
0110400
0110421
0110424
0110426
0110433
0110448
0110460
0110461
0110474
0110478
0110482
0110488
0110492
0110493
0110494
0110499
0110522
0110536
0110546
0110562
0110567
0110592
0110595
0110602
0110605
0110619
0110623
0110632
0110661
0110702
0110705
0110716
0110730
0110732
0110758
0110763
0110786
0110805
0110810
0110817
0110821
0110823
0110833
0110842
0110845
0110852
0110869
0110871
0110876
0110882
0110910
0110956
0110961
0110966
0110975
0111011
0111013
0111016
0111032
0111053
0111057
0111062
0111068
0111074
0111075
0111078
0111081
0111082
0111111
0111112
0111116
0111119
0111126
0111147
0111178
0111194
0111196
0111198
0111199
0111202
0111203
0111220
0111222
0111231
0111233
0111243
0111249
0111270
0111275
0111284
0111314
0111315
0111322
0111324
0111328
0111340
0111377
0111379
0111396
0111405
0111409
0111415
0111423
0111433
0111440
0111454
0111455
0111457
0111469
0111473
0111476
0111485
0111489
0111530
0111539
0111542
0111547
0111558
0111560
0111562
0111567
0111569
0111591
0111592
0111599
0111600
0111616
0111628
0111639
0111642
0111645
0111648
0111663
0111669
0111677
0111684
0111702
0111710
0111717
0111721
0111722
0111726
0111728
0111735
0111741
0111758
0111784
0111785
0111787
0111809
0111810
0111825
0111844
0111846
0111851
0111855
0111868
0111888
0111895
0111908
0111927
0111943
0111949
0111957
0111958
0111974
0111976
0111994
0111998
0112000
0112005
0112017
0112024
0112030
0112038
0112041
0112044
0112064
0112067
0112077
0112078
0112084
0112096
0112108
0112116
0112134
0112150
0112151
0112161
0112167
0112169
0112170
0112177
0112181
0112187
0112193
0112196
0112209
0112210
0112220
0112227
0112248
0112271
0112273
0112287
0112289
0112292
0112309
0112330
0112365
0112381
0112392
0112415
0112424
0112450
0112457
0112470
0112472
0112496
0112509
0112522
0112540
0112555
0112575
0112582
0112599
0112602
0112612
0112630
0112632
0112636
0112658
0112661
0112674
0112680
0112714
0112722
0112752
0112761
0112776
0112794
0112807
0112813
0112814
0112821
0112833
0112837
0112838
0112857
0112863
0112871
0112875
0112881
0112901
0112911
0112946
0112968
0112982
0112992
0113022
0113045
0113059
0113067
0113069
0113070
0113074
0113084
0113089
0113103
0113109
0113126
0113128
0113138
0113153
0113154
0113158
0113168
0113175
0113184
0113190
0113194
0113203
0113204
0113205
0113225
0113232
0113233
0113249
0113265
0113278
0113282
0113283
0113289
0113301
0113314
0113319
0113321
0113323
0113335
0113339
0113340
0113343
0113347
0113362
0113371
0113378
0113381
0113385
0113412
0113413
0113423
0113430
0113435
0113450
0113458
0113459
0113477
0113504
0113512
0113534
0113549
0113554
0113565
0113579
0113582
0113583
0113585
0113604
0113616
0113627
0113640
0113658
0113659
0113664
0113670
0113677
0113681
0113687
0113709
0113715
0113741
0113764
0113769
0113773
0113778
0113790
0113794
0113817
0113819
0113833
0113837
0113846
0113850
0113860
0113862
0113863
0113867
0113871
0113873
0113877
0113880
0113886
0113892
0113894
0113901
0113903
0113906
0113912
0113913
0113915
0113924
0113934
0113942
0113946
0113947
0113966
0113999
0114005
0114042
0114065
0114069
0114073
0114077
0114097
0114100
0114107
0114114
0114118
0114139
0114164
0114167
0114175
0114177
0114180
0114184
0114195
0114200
0114205
0114207
0114229
0114238
0114240
0114249
0114254
0114264
0114267
0114269
0114282
0114309
0114333
0114339
0114343
0114357
0114364
0114365
0114367
0114382
0114388
0114399
0114403
0114412
0114417
0114424
0114433
0114437
0114449
0114459
0114480
0114481
0114483
0114485
0114521
0114523
0114528
0114536
0114549
0114553
0114565
0114591
0114592
0114593
0114602
0114604
0114605
0114611
0114617
0114623
0114629
0114634
0114647
0114653
0114655
0114684
0114687
0114688
0114696
0114706
0114717
0114737
0114738
0114747
0114754
0114757
0114759
0114762
0114770
0114774
0114812
0114828
0114863
0114870
0114881
0114892
0114895
0114896
0114909
0114924
0114933
0114955
0114968
0114970
0114971
0114979
0114988
0115008
0115012
0115026
0115040
0115048
0115063
0115076
0115077
0115088
0115089
0115104
0115116
0115130
0115157
0115168
0115173
0115174
0115188
0115189
0115195
0115197
0115199
0115212
0115216
0115219
0115230
0115236
0115257
0115265
0115277
0115288
0115294
0115295
0115299
0115335
0115345
0115346
0115347
0115356
0115360
0115362
0115365
0115376
0115384
0115390
0115391
0115398
0115425
0115432
0115435
0115467
0115494
0115498
0115523
0115532
0115537
0115539
0115540
0115544
0115561
0115566
0115573
0115579
0115586
0115590
0115594
0115630
0115633
0115638
0115639
0115649
0115664
0115665
0115669
0115673
0115679
0115706
0115730
0115738
0115745
0115749
0115756
0115760
0115781
0115783
0115787
0115788
0115820
0115834
0115836
0115882
0115894
0115897
0115905
0115916
0115922
0115932
0115933
0115942
0115964
0115970
0115983
0116018
0116029
0116035
0116054
0116059
0116060
0116061
0116066
0116078
0116113
0116120
0116192
0116208
0116210
0116230
0116248
0116249
0116260
0116264
0116292
0116301
0116310
0116313
0116316
0116319
0116349
0116356
0116363
0116365
0116367
0116391
0116400
0116401
0116403
0116438
0116441
0116446
0116448
0116449
0116489
0116490
0116493
0116499
0116502
0116510
0116511
0116525
0116530
0116542
0116550
0116555
0116556
0116568
0116574
0116592
0116618
0116634
0116647
0116653
0116668
0116671
0116674
0116686
0116702
0116712
0116714
0116729
0116769
0116781
0116786
0116801
0116818
0116821
0116822
0116823
0116837
0116858
0116896
0116900
0116901
0116904
0116906
0116954
0116958
0116960
0116961
0116974
0116975
0116995
0117030
0117034
0117038
0117056
0117058
0117066
0117070
0117098
0117103
0117105
0117107
0117110
0117120
0117121
0117130
0117138
0117145
0117151
0117154
0117193
0117212
0117215
0117216
0117217
0117219
0117267
0117269
0117274
0117282
0117294
0117309
0117315
0117331
0117343
0117345
0117359
0117365
0117387
0117395
0117397
0117399
0117402
0117422
0117424
0117433
0117448
0117462
0117467
0117468
0117472
0117494
0117515
0117517
0117523
0117527
0117528
0117541
0117545
0117546
0117550
0117552
0117559
0117576
0117578
0117584
0117632
0117638
0117657
0117664
0117672
0117673
0117694
0117700
0117715
0117718
0117722
0117754
0117755
0117768
0117771
0117780
0117784
0117794
0117815
0117816
0117834
0117835
0117837
0117851
0117862
0117871
0117872
0117873
0117883
0117884
0117890
0117913
0117925
0117932
0117937
0117941
0117970
0117985
0117990
0117995
0117999
0118026
0118030
0118061
0118064
0118068
0118070
0118073
0118078
0118099
0118102
0118105
0118112
0118128
0118129
0118149
0118160
0118164
0118182
0118192
0118195
0118225
0118242
0118244
0118268
0118269
0118281
0118294
0118332
0118335
0118344
0118348
0118354
0118374
0118379
0118389
0118398
0118404
0118434
0118451
0118454
0118457
0118459
0118483
0118495
0118496
0118498
0118503
0118504
0118508
0118517
0118534
0118544
0118573
0118640
0118645
0118657
0118672
0118684
0118690
0118691
0118702
0118711
0118718
0118729
0118734
0118739
0118740
0118765
0118789
0118829
0118836
0118851
0118867
0118870
0118897
0118900
0118918
0118934
0118936
0118958
0118965
0118981
0118987
0118990
0118993
0119007
0119045
0119050
0119054
0119058
0119059
0119060
0119082
0119094
0119103
0119108
0119119
0119120
0119123
0119128
0119129
0119134
0119152
0119167
0119171
0119209
0119240
0119249
0119251
0119254
0119261
0119301
0119321
0119364
0119373
0119382
0119386
0119388
0119447
0119454
0119456
0119473
0119474
0119478
0119494
0119496
0119503
0119509
0119526
0119540
0119542
0119545
0119549
0119567
0119583
0119606
0119614
0119634
0119635
0119636
0119644
0119646
0119653
0119655
0119666
0119685
0119697
0119702
0119714
0119747
0119787
0119791
0119792
0119799
0119807
0119808
0119823
0119847
0119871
0119889
0119896
0119901
0119926
0119932
0119980
0119986
0119989
0119997
0120008
0120009
0120022
0120049
0120056
0120076
0120080
0120102
0120106
0120112
0120119
0120122
0120132
0120165
0120173
0120184
0120194
0120204
0120213
0120222
0120227
0120232
0120237
0120241
0120247
0120251
0120252
0120255
0120258
0120262
0120268
0120278
0120284
0120289
0120290
0120291
0120292
0120294
0120300
0120327
0120333
0120337
0120345
0120361
0120421
0120423
0120451
0120454
0120456
0120459
0120462
0120472
0120474
0120515
0120520
0120531
0120550
0120556
0120582
0120585
0120587
0120592
0120595
0120603
0120608
0120613
0120635
0120650
0120676
0120699
0120706
0120708
0120723
0120732
0120734
0120738
0120750
0120756
0120760
0120763
0120766
0120769
0120813
0120819
0120826
0120832
0120847
0120848
0120858
0120862
0120885
0120887
0120897
0120910
0120913
0120927
0120938
0120948
0120954
0120966
0120974
0120987
0120992
0120996
0121002
0121005
0121018
0121021
0121039
0121059
0121060
0121064
0121091
0121106
0121138
0121141
0121160
0121172
0121178
0121194
0121196
0121201
0121216
0121240
0121252
0121267
0121300
0121301
0121304
0121318
0121320
0121329
0121336
0121352
0121381
0121390
0121410
0121417
0121460
0121461
0121465
0121473
0121474
0121486
0121506
0121510
0121514
0121523
0121566
0121567
0121577
0121597
0121600
0121654
0121656
0121659
0121668
0121674
0121696
0121700
0121704
0121705
0121714
0121723
0121739
0121743
0121749
0121752
0121757
0121759
0121784
0121785
0121797
0121802
0121803
0121813
0121822
0121824
0121864
0121866
0121867
0121889
0121899
0121904
0121909
0121921
0121931
0121948
0121958
0121975
0121999
0122000
0122001
0122010
0122011
0122015
0122029
0122030
0122037
0122053
0122055
0122072
0122107
0122108
0122127
0122149
0122150
0122167
0122171
0122182
0122196
0122198
0122204
0122209
0122211
0122227
0122228
0122237
0122238
0122266
0122267
0122280
0122282
0122290
0122291
0122292
0122298
0122315
0122319
0122323
0122330
0122331
0122336
0122356
0122369
0122371
0122372
0122376
0122383
0122396
0122422
0122445
0122446
0122449
0122450
0122455
0122460
0122464
0122480
0122494
0122495
0122496
0122499
0122505
0122560
0122585
0122586
0122591
0122594
0122605
0122610
0122623
0122624
0122640
0122643
0122647
0122653
0122666
0122673
0122684
0122709
0122725
0122737
0122764
0122771
0122772
0122779
0122789
0122799
0122802
0122808
0122815
0122822
0122844
0122850
0122864
0122865
0122876
0122878
0122880
0122883
0122886
0122889
0122893
0122900
0122904
0122916
0122924
0122935
0122936
0122940
0122952
0122965
0122967
0122971
0122976
0122985
0122992
0122997
0123002
0123014
0123021
0123031
0123041
0123046
0123066
0123071
0123086
0123094
0123096
0123101
0123104
0123106
0123107
0123109
0123145
0123149
0123156
0123169
0123178
0123180
0123191
0123212
0123223
0123231
0123232
0123233
0123247
0123254
0123255
0123256
0123261
0123268
0123277
0123285
0123293
0123304
0123321
0123342
0123344
0123354
0123378
0123399
0123401
0123413
0123417
0123434
0123447
0123450
0123455
0123482
0123483
0123485
0123502
0123510
0123520
0123532
0123540
0123555
0123560
0123561
0123571
0123580
0123582
0123597
0123610
0123628
0123657
0123659
0123669
0123680
0123689
0123694
0123698
0123705
0123716
0123717
0123721
0123742
0123767
0123769
0123784
0123790
0123799
0123804
0123807
0123839
0123854
0123855
0123859
0123861
0123873
0123901
0123912
0123914
0123915
0123917
0123919
0123922
0123939
0123955
0123972
0123974
0123977
0123994
0123995
0124019
0124030
0124041
0124058
0124068
0124084
0124092
0124097
0124118
0124119
0124120
0124133
0124139
0124143
0124148
0124155
0124183
0124186
0124194
0124197
0124199
0124215
0124222
0124242
0124268
0124280
0124289
0124295
0124298
0124304
0124315
0124325
0124326
0124344
0124355
0124358
0124378
0124402
0124410
0124412
0124448
0124455
0124467
0124475
0124478
0124482
0124493
0124501
0124516
0124517
0124526
0124529
0124530
0124543
0124556
0124568
0124593
0124604
0124628
0124629
0124641
0124643
0124648
0124649
0124650
0124662
0124678
0124704
0124706
0124712
0124738
0124740
0124754
0124761
0124777
0124780
0124792
0124815
0124820
0124823
0124835
0124849
0124857
0124873
0124888
0124894
0124917
0124927
0124932
0124942
0124947
0124954
0124968
0124999
0125025
0125039
0125045
0125051
0125064
0125073
0125078
0125099
0125119
0125140
0125142
0125191
0125212
0125227
0125249
0125265
0125268
0125272
0125312
0125316
0125321
0125379
0125390
0125395
0125402
0125430
0125440
0125449
0125472
0125530
0125536
0125546
0125553
0125557
0125560
0125561
0125566
0125569
0125593
0125603
0125610
0125623
0125657
0125671
0125674
0125691
0125707
0125723
0125728
0125731
0125733
0125747
0125749
0125756
0125776
0125777
0125781
0125789
0125816
0125842
0125846
0125847
0125861
0125864
0125870
0125886
0125903
0125918
0125921
0125923
0125940
0125962
0125972
0125994
0125998
0125999
0126009
0126019
0126021
0126032
0126038
0126039
0126042
0126053
0126065
0126068
0126081
0126084
0126096
0126103
0126109
0126162
0126168
0126179
0126228
0126229
0126244
0126253
0126261
0126264
0126272
0126288
0126303
0126316
0126326
0126349
0126350
0126356
0126357
0126358
0126364
0126365
0126371
0126381
0126387
0126396
0126399
0126400
0126401
0126422
0126425
0126449
0126457
0126459
0126461
0126465
0126468
0126482
0126498
0126508
0126514
0126526
0126537
0126552
0126557
0126563
0126571
0126577
0126588
0126601
0126612
0126619
0126620
0126629
0126631
0126649
0126662
0126666
0126667
0126679
0126683
0126692
0126694
0126697
0126704
0126723
0126727
0126730
0126734
0126749
0126778
0126788
0126793
0126798
0126806
0126812
0126822
0126826
0126828
0126843
0126853
0126862
0126864
0126882
0126893
0126897
0126902
0126923
0126938
0126940
0126947
0126963
0126973
0126992
0126996
0126997